Center: (47.0059686237, 33.4827138428, 35.7021762506)
Radius: 14.0781227416
