R2_score : 0.9747505807591622
RMSE : 0.10158867737298335
best_params : {'C': 100, 'gamma': 0.01}
