Dataset 1
R2_score : -2.314801681170682
RMSE : 0.6643257009105027
Dataset 3
R2_score : 0.9747505807591622
RMSE : 0.10158867737298335
Dataset 4
R2_score : -2.1150984682038985
RMSE : 0.9198261864774264
Dataset 8
R2_score : 0.12606435549538175
RMSE : 0.4296164950959734
